1 147
0 120
1 101
1 -152
0 -138
0 -170
0 130
1 134
1 122
0 136
1 100
0 101
1 -120
0 105
1 123
1 -116
1 -118
0 -125
1 -126
1 -102
0 117
1 124
1 119
1 142
0 143
0 -109
1 -106
0 -128
1 109
0 126
1 137
1 118
1 -121
1 -141
0 -115
1 -113
0 102
1 -108
0 -142
0 -158
0 -110
0 101
0 -102
0 119
1 -116
1 103
0 111
1 -105
1 136
0 -108
1 112
0 -114
1 -117
1 -134
1 118
0 130
1 104
1 -170
0 -149
1 -155
0 100
0 109
1 124
1 109
1 -121
0 -116
1 104
1 -115
0 -102
1 -113
0 175
1 190
1 129
0 110
0 -116
0 145
0 -145
1 -120
0 -145
1 -138
1 -114
1 -132
1 -122
0 -115
1 -120
0 -102
0 -110
0 115
1 117
0 102
0 -118
1 -145
1 -144
1 -136
0 -150
1 -119
1 131
1 -106
1 125
1 -110
0 106
0 -106
0 -139
1 -103
0 -124
0 107
1 -240
0 -250
1 -230
1 -178
0 -168
0 -187
1 -136
1 -119
1 -130
0 -121
1 100
0 -103
0 -112
0 117
0 -170
1 -190
1 -144
0 118
0 -101
1 -121
1 -120
0 -117
1 -110
0 114
0 170
1 137
0 118
0 120
1 112
1 112
0 -121
0 106
1 -158
1 -180
1 -170
0 -210
1 -131
0 -121
0 -127
0 -156
1 -117
0 -130
1 -117
1 105
1 130
0 120
0 170
0 135
0 -114
0 111
0 -163
1 -141
1 -126
0 120
1 121
1 -148
0 -174
0 -170
1 -180
0 -138
1 -136
0 -122
0 118
1 125
0 124
1 -105
1 125
0 111
1 -114
0 -156
0 -119
1 -106
0 -123
0 -103
1 -146
0 116
0 -108
1 -127
0 124
0 126
0 137
0 -114
1 102
0 109
0 107
0 122
0 -134
1 -156
1 128
1 130
0 155
0 140
0 189
1 175
1 200
1 -138
1 108
0 122
0 112
1 -151
0 135
1 -103
1 -121
0 -105
0 -146
1 -102
1 -101
0 -118
1 176
0 129
0 108
0 -120
1 118
0 112
1 -103
1 -107
1 141
0 -138
0 -118
1 115
1 210
1 117
1 111
1 185
1 -164
1 -148
1 -156
1 -120
1 106
1 -155
0 128
0 124
1 104
0 162
0 105
1 134
0 142
1 -127
0 140
0 120
0 122
1 -175
0 -195
1 -156
0 -110
1 140
0 -117
0 126
1 140
0 109
0 124
0 -103
0 -125
0 -127
0 -110
0 -113
1 -210
1 -240
0 -240
1 -190
0 159
1 132
1 140
0 -105
0 113
0 150
1 115
1 119
1 155
0 -112
0 100
1 -112
0 -114
0 107
0 115
1 133
1 105
0 132
1 150
0 141
0 169
0 122
0 108
0 137
0 -144
0 -110
1 -143
1 -106
0 107
1 128
1 108
1 -117
0 145
1 143
1 136
0 110
1 -120
1 103
1 -101
0 -129
0 -105
0 109
0 107
1 120
0 107
1 107
0 -104
1 109
0 189
1 138
0 140
0 133
1 153
0 131
0 116
1 117
1 160
0 167
0 -157
1 -130
0 -111
1 -145
1 -156
0 -193
0 142
0 118
1 113
0 112
0 123
0 135
0 110
1 -115
0 -133
1 -123
1 -132
1 100
1 -128
0 -178
1 -136
0 120
0 132
1 -114
1 -138
0 123
0 -112
1 -131
0 -129
1 104
0 -138
0 -140
1 -165
1 -150
1 -176
1 -140
1 -150
1 -130
0 -125
0 -139
1 100
1 -111
1 -108
0 141
1 -145
0 -107
0 -115
0 -166
1 -120
1 -193
1 -255
1 -158
1 -142
1 -105
0 118
1 -104
0 137
1 134
0 185
1 -110
1 -119
0 -134
0 -140
1 105
0 -140
0 -145
0 -161
1 -173
0 -145
0 106
0 143
1 119
1 -102
0 -101
0 134
1 104
1 -138
1 -134
0 -114
0 123
1 131
1 -120
1 -162
1 -189
0 -158
1 -155
1 -205
1 -138
1 -240
1 -159
1 -167
1 -183
1 -218
0 -325
1 -260
1 -232
1 -134
1 -107
1 115
1 -130
0 130
1 -108
1 -105
1 -105
0 -137
1 -109
1 -165
0 -180
0 -152
1 -240
1 -205
0 -123
0 -126
0 -145
0 128
0 166
0 -178
1 -270
1 -205
1 -142
0 -160
1 -151
1 -128
1 -109
0 111
1 -109
1 -169
0 -156
0 -110
0 -135
1 -166
0 -166
0 -108
0 102
0 122
0 -131
1 -131
1 116
0 -186
0 -124
0 -150
1 -147
0 -142
0 -140
1 -106
1 -161
1 -161
0 -220
1 -130
0 -123
1 -123
0 106
1 -180
1 -145
1 104
1 -121
1 -108
1 -163
1 -125
0 -127
0 -170
1 -177
1 -105
1 109
0 107
1 128
0 126
1 112
1 -140
0 -144
0 -132
1 -122
1 -133
1 -145
1 -117
1 122
1 -122
1 -139
0 -155
0 -155
1 -136
0 -117
1 -150
1 -290
1 -260
1 -260
1 -210
0 -112
1 -119
1 -117
0 118
0 123
0 152
1 -195
0 -174
0 -170
0 -160
1 -207
0 -185
0 -220
0 120
1 115
1 129
1 -138
1 -125
1 -130
0 -146
0 -107
1 -142
0 -154
1 -118
1 -180
1 -140
1 -174
0 -133
0 -140
1 -132
0 108
1 106
1 115
1 -142
0 -127
1 -137
0 -160
1 -164
1 -162
1 130
0 -115
1 130
0 -114
0 105
1 -108
0 103
1 -116
1 -153
0 -129
0 101
1 126
0 163
0 160
1 -187
1 -186
1 -172
1 -115
0 -144
1 -152
1 -220
1 -192
1 -160
1 131
0 -105
0 125
0 109
1 121
1 -126
1 -130
1 101
0 112
0 144
1 -174
0 -155
1 -142
0 120
1 -140
0 -102
0 -107
1 114
1 -117
0 -101
1 -187
1 -158
1 -105
0 -186
1 -147
1 -210
0 -192
1 -171
1 -170
0 -111
0 -103
1 -135
0 -106
1 -125
0 -143
0 -115
0 -180
1 -130
0 -120
1 -119
0 -158
1 -160
0 -105
1 105
1 -119
1 -124
1 -180
0 -147
1 -168
1 -210
1 -245
0 -152
1 -109
1 -119
1 -105
1 -113
1 -125
0 100
1 132
1 130
0 -104
1 -130
1 -156
1 -156
0 -115
0 -140
1 -130
1 -208
0 -148
1 -150
0 -150
1 -122
1 -130
0 -131
0 138
0 -105
0 -119
1 -117
0 165
0 172
1 183
1 106
1 -120
1 -146
0 -110
1 -106
1 -129
1 -145
0 -112
1 113
1 -107
0 136
0 118
1 168
0 126
1 -134
1 -136
1 -147
1 104
0 -230
1 -255
1 -180
0 -144
1 -110
0 -126
0 120
1 113
1 -109
1 103
1 150
1 107
0 129
1 114
1 -114
0 -123
0 -187
1 -132
1 -122
1 -129
0 106
0 -113
1 105
1 156
0 110
0 -109
0 112
0 -177
0 -200
1 -118
0 -116
0 -120
1 -115
1 -137
1 -180
1 -113
0 -173
1 -122
1 136
0 106
0 105
0 -101
0 148
0 110
1 126
1 -142
0 -142
0 -108
1 -109
1 -144
0 -114
1 111
0 -129
0 113
0 104
0 122
0 117
1 -119
1 103
1 -166
1 112
1 100
1 -125
0 -127
0 -146
0 -138
1 -138
1 -116
1 -167
0 -147
0 -205
0 164
1 145
0 137
0 180
1 153
0 157
1 143
0 -105
0 -105
1 127
0 149
1 170
0 -123
1 -114
0 -106
0 111
0 113
0 -102
1 -109
0 144
1 151
1 -170
1 -149
1 -133
0 -111
1 170
0 120
1 115
1 -179
1 -132
1 -118
1 -147
0 -101
0 159
1 146
0 -104
1 -117
0 -138
1 -128
1 -130
0 -122
1 -141
1 -142
1 -180
0 -105
0 103
0 115
1 -110
0 121
1 111
1 117
1 146
0 120
0 146
0 151
0 -117
1 -106
0 -119
1 -150
1 -163
0 -145
0 -102
0 153
0 115
1 -110
1 -167
1 -117
0 125
0 135
1 106
1 110
0 -102
1 106
1 -143
1 -145
1 -150
0 -105
0 -135
1 -121
0 164
1 157
0 129
1 145
1 145
0 162
1 161
1 -150
1 -107
0 -138
0 -144
1 -133
1 102
1 -143
1 -133
0 -132
0 111
0 131
1 105
0 -113
0 -160
0 -117
1 132
0 117
1 -105
0 -108
0 129
0 158
0 -151
1 -130
0 -210
0 -115
0 105
0 -123
0 101
0 104
0 -119
0 173
1 160
0 200
1 109
0 189
0 -133
1 -133
1 -143
1 -235
1 -173
1 -164
1 131
0 152
1 109
1 135
1 151
0 163
1 135
1 -138
0 -112
0 140
0 -133
0 -122
1 -180
0 -114
1 115
0 123
1 -132
0 101
1 -108
0 -110
1 -110
1 -140
0 108
1 -109
0 118
1 136
1 128
0 128
0 106
0 134
0 129
0 -108
1 115
1 175
0 -104
0 100
1 -116
1 -104
1 129
1 -120
1 150
1 -102
1 -126
1 -112
1 -160
0 -109
1 -133
1 -147
1 -152
0 -184
1 -148
1 101
1 -107
0 125
1 -104
1 -215
0 -139
0 -240
0 158
1 200
1 -110
0 166
0 158
0 -187
0 -174
0 -170
0 -105
0 -104
1 -128
1 100
1 -164
1 -119
1 -133
0 -118
0 107
1 -155
1 -118
1 -164
0 -165
1 -166
0 101
1 111
1 107
0 -109
1 107
1 -115
0 152
1 116
0 178
1 -145
0 -105
1 -101
1 -129
0 -106
1 -127
1 -140
0 -125
0 108
1 -118
1 -109
0 -129
1 102
1 -135
1 -145
0 -116
0 -140
1 129
1 -160
0 137
0 142
0 132
0 128
0 -127
1 -123
0 104
1 146
1 109
0 -104
0 -168
0 -145
0 109
1 -136
1 -130
1 -142
0 104
0 128
0 183
1 107
1 145
0 133
0 123
1 122
0 150
1 -113
0 -117
0 -101
1 -123
0 -110
1 -109
1 128
1 134
1 108
0 124
0 111
1 136
1 -103
0 132
1 -170
1 -210
1 -195
0 -116
0 125
0 -127
0 175
0 138
0 107
0 -104
0 142
1 160
0 120
0 -134
1 116
1 116
1 108
0 -125
0 -190
0 -120
0 -127
1 -101
0 128
0 -140
0 112
1 123
1 112
0 170
1 -175
0 -123
0 -130
0 -127
0 108
0 -133
1 105
0 110
1 -108
0 188
0 128
0 220
0 -123
1 250
0 215
1 141
1 105
0 123
0 142
0 103
1 -115
1 112
0 109
0 -102
0 124
1 135
0 110
0 -160
0 -108
0 148
0 178
0 145
0 115
0 190
0 240
0 185
1 -121
1 -123
1 -108
0 -134
0 -135
1 -111
0 -139
1 112
1 175
0 150
0 129
1 107
1 -128
1 114
1 177
1 164
1 160
0 -122
1 175
1 128
0 -148
1 -235
1 -240
0 158
0 190
0 225
0 131
0 132
0 170
0 148
0 170
0 160
1 190
1 123
0 150
0 165
0 115
0 124
0 148
0 -124
1 -120
1 -145
0 -138
0 280
0 124
1 223
1 -143
0 188
0 260
0 108
0 -101
1 119
0 -112
1 -176
0 -149
0 -140
1 -175
1 -182
0 -195
1 -128
0 -135
1 -134
0 -115
1 -129
1 -132
1 -163
1 -116
0 -162
0 -125
0 -102
0 -101
1 -172
0 -171
1 -141
1 -107
1 -145
1 -230
1 -240
0 -220
1 -163
1 -194
1 -196
1 -270
0 -115
0 -119
1 -190
0 -250
0 -143
1 -310
1 -290
0 -360
0 101
1 110
0 -128
0 123
1 -142
1 -150
1 -165
1 -215
0 -225
1 -260
1 -190
0 -155
0 -119
0 -125
0 -128
1 -140
0 -114
1 -147
0 -144
1 -200
1 -215
1 -180
1 -120
0 -141
1 -162
0 -119
1 -138
0 -160
1 -147
1 -185
0 -210
0 -139
1 -111
0 -136
1 -173
1 -170
0 -134
0 -146
0 -152
1 -133
0 -141
0 110
0 117
1 -150
1 -130
1 -132
1 115
1 -160
0 -131
1 -154
0 -275
1 -235
0 -151
1 -179
0 -151
1 -166
0 -125
0 -185
1 -106
1 -119
1 -108
1 -134
0 -145
1 -155
1 -270
1 -230
1 -130
1 -136
1 -210
1 -260
1 -200
1 -118
1 -105
1 -110
1 -160
0 -101
1 -154
0 -161
0 -122
0 -185
1 -160
1 -168
0 -220
0 100
1 -176
1 -168
0 -188
1 -265
0 -260
1 -182
1 -132
1 -150
0 -154
0 -160
0 -158
1 -189
1 -146
1 -166
0 -155
1 142
0 -101
0 109
1 -111
0 -121
0 -117
0 -133
1 -160
1 -175
1 -162
0 -126
1 -188
1 -220
1 -265
0 -170
1 -194
1 -310
1 -134
0 -243
0 -200
1 -210
1 -235
0 -132
0 -193
0 -175
0 166
1 139
1 130
0 142
1 128
1 160
0 133
0 135
0 140
0 -104
0 113
1 120
1 124
1 158
1 135
1 -150
0 -148
0 -104
0 104
1 125
1 108
0 210
0 220
1 200
0 138
0 101
1 141
0 183
1 164
1 160
1 150
0 103
1 -112
0 -102
1 100
0 -101
0 -138
0 128
0 115
0 120
0 141
0 180
0 165
0 155
0 195
1 205
0 240
1 106
1 135
1 112
1 100
0 110
1 -113
1 -145
1 123
0 123
0 133
1 170
0 178
1 105
1 -131
0 127
0 128
1 150
0 137
1 -138
1 130
1 -122
0 115
0 135
1 141
0 106
0 -109
1 -133
0 122
1 -111
0 -102
0 109
0 -113
0 156
0 -122
0 165
1 183
0 146
0 149
0 157
0 173
0 198
0 157
1 137
1 188
1 112
1 119
0 126
1 150
1 148
0 210
0 178
1 220
1 130
0 126
0 116
0 102
0 150
1 -168
1 -156
1 -169
0 142
1 174
0 138
1 124
1 125
0 101
1 129
1 112
0 -123
0 -113
1 -139
0 -117
0 118
0 -124
0 -139
1 178
0 245
1 240
1 145
0 163
0 152
0 154
0 109
0 123
1 305
0 210
1 188
1 -125
1 105
0 -101
0 110
0 -113
0 -109
1 154
1 168
0 153
0 172
0 151
0 151
1 200
0 110
0 135
1 128
0 188
0 189
0 225
0 237
1 185
0 190
0 215
0 138
0 178
0 185
0 199
1 164
1 160
0 170
0 135
0 146
1 182
0 -116
0 110
1 -138
1 117
0 113
0 107
0 -132
0 112
0 -124
1 -112
1 -105
1 -119
0 126
0 140
0 -103
1 128
1 134
1 -103
1 116
1 -148
1 -111
0 -151
1 -113
1 -103
1 -111
1 105
0 180
1 230
1 133
1 -139
0 -124
0 -122
1 150
1 -152
1 -152
1 101
1 -103
0 132
0 140
1 144
0 108
0 170
0 130
0 139
0 138
1 -135
1 106
0 -105
1 -128
0 -106
0 105
0 127
0 170
0 195
0 170
0 110
0 126
1 158
1 134
1 -135
0 100
1 100
0 128
1 102
1 -150
1 -125
1 -145
0 -151
1 135
0 110
1 135
0 128
1 120
1 117
1 -118
1 123
1 100
0 100
0 130
0 -125
0 150
1 121
0 144
1 100
0 -150
1 107
1 -144
1 -139
1 -102
0 -122
0 -129
1 -136
0 -101
0 101
1 -120
1 -122
1 105
1 102
1 -158
1 -188
1 -155
1 -125
0 104
1 -123
1 -125
0 108
0 -105
0 100
0 150
0 -117
0 -111
1 -183
0 -122
1 113
1 103
0 127
1 147
0 127
1 113
1 -104
1 -150
0 -155
1 -173
1 -162
0 116
0 -109
0 134
0 136
0 156
1 145
0 -122
1 111
1 -116
1 -168
1 -160
0 -255
1 -101
0 -117
0 105
1 -125
1 -134
1 -158
1 114
0 135
1 -105
0 -109
1 -260
1 -205
1 -270
1 -256
1 -205
1 -290
1 -148
1 -188
1 -200
1 -219
1 106
1 123
0 136
0 147
1 130
0 -139
0 150
1 -163
0 -152
0 -165
0 -145
1 132
0 126
1 120
0 153
0 106
1 152
0 205
0 152
0 147
1 -165
0 -129
0 100
1 117
0 129
1 -154
1 -108
1 -101
0 -104
1 118
1 -132
1 124
0 146
0 122
1 -105
1 -124
0 101
1 112
0 104
1 113
1 177
0 142
0 142
0 -111
0 -107
0 147
0 174
0 101
0 -138
1 -125
1 -123
0 -114
0 145
1 -124
1 -120
0 103
0 135
1 -106
1 -152
0 -170
0 103
1 163
0 112
0 -146
1 -240
1 -158
0 -134
1 165
1 110
0 125
0 180
1 185
0 205
0 -105
0 -103
1 120
1 141
0 110
0 -171
1 -154
0 -109
0 -114
1 142
1 130
0 125
1 188
0 228
1 168
1 -119
0 -131
0 116
0 120
1 118
1 -118
1 -110
1 -115
1 -137
1 -210
1 -109
1 -111
0 110
1 -188
0 -240
0 -140
1 -136
0 177
0 148
0 -105
0 168
1 158
1 177
0 -129
0 -165
1 102
0 -133
0 -167
1 -200
1 168
0 248
0 188
1 167
0 103
1 230
0 175
1 179
1 132
0 -168
0 -122
0 120
0 117
0 122
0 -115
1 -138
1 -132
1 111
0 -151
0 108
0 154
1 155
0 156
1 114
1 140
0 137
0 -168
0 -150
0 -148
0 169
1 186
0 181
0 200
0 245
1 160
0 182
0 119
0 160
1 -102
0 130
1 115
1 -118
0 -120
1 137
0 123
0 -116
0 -133
1 -146
1 -157
1 -135
1 -133
1 -157
1 135
1 121
1 132
1 105
0 119
0 122
1 -194
1 -235
1 -187
0 113
0 122
0 -110
0 126
1 107
0 140
0 -134
0 -129
0 -152
1 -153
1 -130
1 -107
0 -118
1 134
0 100
1 116
0 103
0 -107
0 101
0 -115
0 114
1 -111
0 -122
1 -120
0 102
0 -115
1 -102
1 -139
1 -168
1 120
1 188
0 104
1 -155
1 -157
1 -172
1 100
1 -140
1 107
0 -114
1 -185
1 -148
1 -117
1 115
0 -132
1 -127
1 -130
1 124
0 -126
0 -126
1 -116
1 -115
1 -109
0 -175
0 -120
1 -135
0 105
1 165
0 -118
0 -107
1 -107
0 -130
0 -151
1 -152
1 -120
1 -115
0 106
1 -128
1 -220
0 -192
1 -162
1 -118
0 -101
1 -128
1 -115
1 -102
0 121
0 -111
1 -122
1 -154
0 121
0 128
1 -123
1 -165
0 -175
1 -170
0 -108
1 -165
1 -147
1 -150
1 -169
0 -142
0 -150
0 -122
1 -119
0 -113
0 144
0 115
1 -110
0 102
1 104
1 -117
0 -260
0 -255
1 -245
1 -137
0 -157
1 -137
1 -185
0 -189
0 -142
0 110
1 107
0 100
1 144
1 150
1 148
0 179
1 -102
1 -112
1 -132
1 100
0 -126
1 113
0 -270
1 -265
1 -210
1 -268
0 -178
1 -163
1 -182
1 115
1 153
1 117
0 -136
1 -160
0 -179
1 -205
1 -208
1 -245
1 -257
1 126
0 -130
0 108
1 110
0 -147
1 -133
0 -163
1 -168
1 -165
1 -117
0 -120
1 -134
1 -152
1 -128
0 -123
1 135
0 -142
1 -136
0 -130
1 -127
0 -140
1 -225
1 -162
1 -157
1 105
0 100
1 -146
1 -106
1 -114
0 -135
0 -118
1 -195
0 -117
0 -155
1 -128
1 -133
1 -162
0 -120
0 -112
1 104
1 -200
1 -245
1 -140
0 110
1 -112
1 105
1 -111
0 -120
1 118
1 -128
0 -130
0 -205
1 -114
1 -111
1 128
0 115
0 101
0 -141
1 -141
1 -220
0 -119
1 -208
0 132
1 117
0 127
0 -103
0 -151
1 128
1 -136
0 -168
0 -144
0 -230
0 -127
0 -121
0 -200
1 -115
0 -175
1 108
1 -103
1 -107
1 160
1 175
0 -121
1 119
1 -123
1 -114
0 -108
1 -144
0 -152
0 -140
1 -135
1 -225
0 -320
1 -192
1 -112
1 108
0 135
0 134
0 169
1 141
0 156
0 -141
0 -104
0 -135
1 -190
0 -163
1 -167
0 -153
0 112
0 -115
0 -112
1 -138
1 -135
1 -143
1 -250
1 112
0 109
1 103
1 -105
1 -165
1 -117
1 -184
1 -215
1 -165
1 -235
0 -190
1 -220
0 -177
1 -113
0 -250
1 -290
1 -230
1 -325
1 112
0 -185
0 -138
1 -127
1 -132
1 105
0 -335
1 -230
0 -205
0 -110
1 116
0 -123
0 -107
0 -138
1 -104
0 -165
0 -127
0 -132
0 -125
0 -163
0 -127
0 120
1 113
0 113
1 -116
0 119
1 -104
0 117
1 -285
1 -370
1 -245
1 -175
1 -138
1 -162
1 -226
1 157
0 158
0 155
0 125
0 123
0 147
0 153
1 142
1 155
1 185
0 171
0 195
0 182
0 215
0 177
1 114
0 102
0 -105
0 155
1 119
1 -110
0 260
0 240
0 240
0 190
1 210
0 235
0 170
0 153
0 182
0 183
0 248
1 159
1 130
0 140
0 185
0 225
0 130
0 280
0 260
1 325
0 176
1 240
0 163
1 141
0 120
1 190
0 145
0 147
0 162
1 130
0 155
1 205
1 205
1 210
1 215
1 220
1 175
0 160
1 139
0 145
0 215
0 163
0 154
0 220
0 148
1 124
1 180
1 110
1 117
0 -109
1 102
0 111
1 120
0 165
1 122
0 162
0 135
1 164
0 123
0 139
0 143
0 152
0 179
1 148
0 145
0 205
1 290
0 181
0 248
0 226
1 295
0 240
0 212
0 105
0 127
0 190
0 155
1 165
0 160
0 190
0 220
1 220
0 180
0 220
1 230
0 210
0 158
0 146
0 159
1 181
0 161
0 160
0 174
0 195
0 155
0 215
1 240
1 235
0 225
1 167
0 180
1 174
0 260
0 210
0 295
1 134
1 100
0 133
1 138
0 215
0 220
0 128
0 122
0 -121
1 141
0 115
0 -115
1 -109
1 248
0 245
0 190
0 252
1 158
1 140
1 138
1 120
0 143
0 151
0 168
0 170
0 137
0 240
0 188
0 248
0 236
0 258
0 330
0 225
0 100
0 157
0 107
1 104
0 110
0 100
0 107
1 110
0 129
0 -145
0 -131
0 -142
0 -200
1 -181
1 -215
0 -130
0 -134
1 115
1 -108
1 -109
0 -115
1 -110
0 136
0 -127
1 -139
0 144
0 -102
0 120
0 -103
1 108
0 -119
1 -136
0 -147
0 -128
0 -169
0 -140
1 -150
1 107
1 -109
0 118
0 -142
1 -127
0 -105
0 -144
0 -118
1 -134
1 -121
1 -157
1 -184
1 105
1 -115
1 113
1 -111
0 -110
0 116
1 -180
1 -187
0 -230
0 -235
0 -240
0 -185
1 -181
0 -156
1 150
0 154
0 152
0 -119
0 111
1 106
1 -158
1 -120
0 -136
1 -190
0 -200
1 -225
1 -105
0 -160
0 -125
0 -150
1 124
1 136
1 142
1 -133
1 -149
1 -153
1 -122
0 -111
1 125
0 -141
1 -105
1 -130
0 -135
1 -127
0 -128
0 108
0 100
1 -131
1 -138
0 113
0 -160
0 -158
1 -230
1 -102
0 155
0 137
0 140
0 128
0 125
0 133
1 -105
1 -123
1 -160
0 -125
0 -105
0 155
0 107
1 107
1 101
0 173
0 160
0 139
0 123
1 101
0 -177
1 -190
0 -184
0 -123
0 -106
0 140
1 158
1 112
1 -130
1 125
0 156
1 156
1 -118
1 117
1 102
1 121
0 121
0 -126
1 176
1 -103
1 128
0 -106
0 -164
1 119
1 -105
1 -119
0 -130
1 -153
1 -161
1 126
0 150
1 169
1 -129
1 -170
0 -108
0 -136
1 120
1 -118
0 165
0 128
0 152
0 206
