
5 5 5 5 0.297729 0.402778 0.247267 0.375
7 7 5 5 0.305299 0.430556 0.248949 0.388889
4 5 4 5 0.297729 0.402778 0.254836 0.375
5 5 5 6 0.302775 0.388889 0.248949 0.402778
5 6 5 7 0.303616 0.416667 0.255677 0.402778
6 5 5 6 0.297729 0.416667 0.245585 0.388889
4 4 5 5 0.304458 0.402778 0.24979 0.416667
4 6 5 7 0.297729 0.361111 0.246426 0.388889
5 6 4 4 0.30614 0.388889 0.24979 0.402778
5 5 5 5 0.302775 0.402778 0.253154 0.375
6 7 6 8 0.306981 0.359551 0.2582 0.404494
7 7 7 8 0.307822 0.393258 0.261564 0.348315
6 7 7 8 0.296888 0.382022 0.254836 0.404494
7 7 6 8 0.297729 0.393258 0.254836 0.337079
6 6 7 8 0.296047 0.359551 0.255677 0.393258
7 8 8 8 0.300252 0.393258 0.2582 0.393258
6 7 7 8 0.292683 0.382022 0.254836 0.393258
6 7 7 8 0.302775 0.359551 0.253995 0.404494
6 5 8 8 0.303616 0.393258 0.253995 0.393258
6 6 7 8 0.288478 0.359551 0.256518 0.370787
7 6 7 6 0.305299 0.228916 0.262405 0.253012
7 8 7 6 0.309504 0.301205 0.2582 0.277108
7 7 7 7 0.312027 0.228916 0.259882 0.228916
7 7 7 7 0.311186 0.204819 0.263246 0.26506
7 7 7 6 0.30614 0.228916 0.260723 0.240964
7 7 7 8 0.304458 0.240964 0.257359 0.277108
7 8 7 6 0.310345 0.277108 0.264087 0.277108
7 7 7 6 0.30614 0.253012 0.259882 0.289157
7 7 7 6 0.301093 0.228916 0.264929 0.277108
7 7 7 7 0.312868 0.228916 0.259882 0.289157
7 8 7 8 0.289431 0.352941 0.243902 0.341176
7 7 6 8 0.292683 0.352941 0.249593 0.329412
7 7 6 7 0.286992 0.341176 0.244715 0.317647
6 7 6 8 0.282927 0.329412 0.252033 0.317647
7 7 5 7 0.293496 0.352941 0.246341 0.341176
7 7 6 8 0.295935 0.352941 0.24878 0.329412
6 6 6 8 0.286992 0.364706 0.242276 0.352941
7 7 7 8 0.294309 0.305882 0.250407 0.317647
7 7 8 8 0.299187 0.341176 0.246341 0.352941
5 5 5 7 0.292683 0.376471 0.243089 0.329412
8 8 8 8 0.314634 0.388889 0.265041 0.411111
8 8 8 8 0.311382 0.388889 0.266667 0.411111
8 7 8 7 0.317073 0.4 0.263415 0.411111
8 8 8 8 0.307317 0.344444 0.25935 0.411111
8 8 8 8 0.314634 0.366667 0.260163 0.411111
8 8 8 8 0.305691 0.333333 0.260976 0.411111
8 8 8 8 0.30813 0.388889 0.261789 0.411111
8 8 8 8 0.309756 0.411111 0.25935 0.411111
8 8 8 8 0.307317 0.366667 0.261789 0.411111
8 8 8 8 0.314634 0.366667 0.261789 0.411111
5 5 6 6 0.334146 0.3125 0.28374 0.325
5 6 5 6 0.326016 0.3375 0.286179 0.325
5 5 6 7 0.326829 0.2875 0.281301 0.3
5 6 6 7 0.327642 0.325 0.284553 0.325
5 7 6 7 0.329268 0.2625 0.282927 0.325
5 5 6 7 0.326829 0.325 0.278862 0.325
5 5 5 4 0.334959 0.3375 0.29187 0.3625
5 5 6 6 0.32439 0.3125 0.28374 0.3375
6 6 6 7 0.32439 0.275 0.285366 0.325
5 5 6 7 0.330081 0.325 0.285366 0.35
5 4 5 5 0.291057 0.287356 0.243089 0.287356
5 4 5 5 0.27561 0.287356 0.250407 0.310345
5 5 4 4 0.278049 0.310345 0.243902 0.310345
5 5 4 4 0.281301 0.310345 0.245528 0.310345
5 5 5 5 0.28374 0.275862 0.247967 0.310345
4 4 4 4 0.279675 0.310345 0.242276 0.298851
6 6 5 5 0.289431 0.321839 0.245528 0.310345
5 5 5 5 0.282114 0.310345 0.243089 0.298851
6 5 6 5 0.282927 0.310345 0.247154 0.310345
4 3 4 4 0.278049 0.321839 0.242276 0.310345
7 7 6 7 0.273984 0.267442 0.23252 0.27907
6 6 6 7 0.276423 0.267442 0.237398 0.302326
7 7 6 7 0.278862 0.27907 0.237398 0.337209
7 7 7 7 0.272358 0.267442 0.23252 0.27907
6 6 6 7 0.276423 0.267442 0.233333 0.337209
6 7 6 7 0.281301 0.267442 0.237398 0.302326
6 6 6 7 0.277236 0.267442 0.230894 0.302326
7 7 6 7 0.281301 0.302326 0.23252 0.27907
6 6 6 7 0.285366 0.27907 0.230894 0.302326
5 6 6 7 0.272358 0.267442 0.233333 0.27907
5 5 6 6 0.288618 0.361446 0.237398 0.337349
6 7 6 7 0.281301 0.313253 0.242276 0.325301
6 5 6 6 0.28374 0.277108 0.245528 0.313253
7 7 6 7 0.282927 0.337349 0.235772 0.337349
6 7 6 7 0.284553 0.337349 0.238211 0.361446
6 5 6 7 0.286179 0.301205 0.238211 0.337349
5 5 6 5 0.29187 0.361446 0.243089 0.361446
7 7 6 6 0.281301 0.301205 0.243089 0.325301
6 4 6 7 0.289431 0.313253 0.235772 0.337349
5 6 6 6 0.294309 0.373494 0.242276 0.325301
6 6 6 6 0.287805 0.341463 0.242276 0.304878
6 6 6 6 0.287805 0.353659 0.243089 0.268293
6 6 6 6 0.289431 0.353659 0.244715 0.304878
6 6 6 6 0.28374 0.390244 0.249593 0.341463
6 6 6 6 0.28374 0.353659 0.245528 0.304878
6 6 6 6 0.285366 0.353659 0.243089 0.353659
6 6 6 6 0.281301 0.329268 0.239837 0.304878
6 6 6 6 0.286179 0.304878 0.241463 0.304878
6 6 6 6 0.291057 0.329268 0.242276 0.268293
6 6 6 6 0.287805 0.390244 0.245528 0.329268
6 6 5 4 0.29899 0.329412 0.246465 0.282353
6 5 7 5 0.290909 0.282353 0.240404 0.270588
4 4 6 5 0.288889 0.294118 0.239394 0.282353
5 4 5 5 0.29697 0.305882 0.236364 0.294118
6 6 6 5 0.294949 0.305882 0.235354 0.258824
7 7 7 5 0.305051 0.317647 0.248485 0.317647
6 5 6 5 0.294949 0.258824 0.243434 0.294118
6 5 6 5 0.293939 0.258824 0.245455 0.258824
6 5 6 5 0.3 0.282353 0.235354 0.294118
6 6 6 5 0.29697 0.270588 0.241414 0.282353
5 6 5 5 0.29943 0.406977 0.258747 0.348837
4 4 5 5 0.288853 0.348837 0.253865 0.313953
6 6 7 6 0.285598 0.313953 0.247356 0.325581
6 6 6 5 0.288853 0.313953 0.253051 0.360465
6 6 6 5 0.287225 0.302326 0.252238 0.348837
6 6 6 6 0.286412 0.337209 0.25712 0.372093
5 5 6 5 0.288039 0.313953 0.253865 0.348837
5 5 6 5 0.289666 0.372093 0.252238 0.337209
6 6 7 6 0.293735 0.325581 0.252238 0.348837
6 6 7 6 0.279089 0.337209 0.249797 0.313953
6 6 6 5 0.30813 0.411111 0.257724 0.411111
5 5 5 5 0.3 0.422222 0.25122 0.4
5 6 5 5 0.306504 0.411111 0.256911 0.422222
6 6 5 5 0.305691 0.4 0.252033 0.4
6 6 5 6 0.300813 0.411111 0.252846 0.4
6 6 5 5 0.301626 0.4 0.265041 0.411111
6 6 6 5 0.3 0.455556 0.257724 0.433333
5 5 5 5 0.305691 0.422222 0.249593 0.4
5 6 5 5 0.305691 0.422222 0.252846 0.422222
5 5 5 5 0.301626 0.411111 0.256098 0.433333
7 8 8 7 0.296748 0.329268 0.247967 0.353659
7 7 8 7 0.29187 0.317073 0.247967 0.353659
7 7 8 7 0.300813 0.329268 0.247967 0.329268
7 7 7 7 0.292683 0.341463 0.24065 0.341463
5 4 7 7 0.294309 0.365854 0.244715 0.365854
7 7 7 7 0.297561 0.329268 0.247967 0.329268
7 6 8 7 0.3 0.317073 0.247967 0.353659
7 7 7 7 0.291057 0.390244 0.250407 0.341463
8 7 7 7 0.296748 0.341463 0.250407 0.365854
7 8 7 7 0.289431 0.365854 0.241463 0.353659
