4
6 5 0.336417 0.416667
5 5 0.339781 0.388889
7 7 0.324643 0.402778
5 4 0.334735 0.430556
6 5 0.327166 0.319444
5
6 5 0.339781 0.416667
6 6 0.347351 0.402778
7 7 0.327166 0.402778
4 4 0.33053 0.430556
6 5 0.327166 0.319444
6
4 5 0.323802 0.402778
5 5 0.343146 0.402778
7 7 0.327166 0.402778
3 3 0.328007 0.430556
6 5 0.328007 0.319444
7
4 5 0.321278 0.402778
5 5 0.345669 0.430556
7 6 0.332212 0.416667
3 4 0.327166 0.430556
6 6 0.327166 0.361111
8
4 4 0.339781 0.375
5 5 0.345669 0.388889
7 6 0.332212 0.416667
4 4 0.328848 0.430556
6 6 0.319596 0.361111
4
8 7 0.347351 0.375
4 4 0.358284 0.319444
7 6 0.364172 0.347222
8 7 0.35492 0.361111
6 5 0.354079 0.430556
5
6 6 0.358284 0.361111
4 4 0.365013 0.291667
6 4 0.358284 0.361111
8 6 0.363331 0.361111
6 4 0.349874 0.375
6
6 6 0.362489 0.402778
4 4 0.361648 0.333333
6 4 0.359125 0.361111
8 6 0.361648 0.361111
5 5 0.351556 0.333333
7
6 6 0.362489 0.416667
4 4 0.360807 0.333333
6 5 0.357443 0.347222
7 7 0.35492 0.333333
6 5 0.360807 0.305556
8
6 6 0.361648 0.402778
4 4 0.360807 0.361111
6 5 0.359966 0.347222
7 7 0.356602 0.361111
6 5 0.357443 0.333333
4
3 3 0.343987 0.348315
4 4 0.342304 0.359551
6 6 0.336417 0.41573
5 6 0.328848 0.41573
3 3 0.349033 0.404494
5
4 4 0.344828 0.404494
5 5 0.339781 0.370787
6 6 0.329689 0.438202
6 7 0.332212 0.41573
4 4 0.343146 0.404494
6
4 4 0.34651 0.393258
3 4 0.343987 0.449438
6 6 0.343146 0.426966
6 6 0.325484 0.370787
5 4 0.336417 0.41573
7
4 4 0.339781 0.393258
5 5 0.344828 0.382022
6 6 0.343146 0.47191
6 6 0.335576 0.393258
5 5 0.34651 0.404494
8
4 4 0.337258 0.393258
5 5 0.343987 0.382022
6 5 0.34651 0.460674
6 6 0.335576 0.393258
4 4 0.338099 0.382022
4
7 5 0.333894 0.301205
5 5 0.323802 0.325301
5 4 0.347351 0.349398
6 5 0.323802 0.289157
6 5 0.333894 0.349398
5
4 5 0.331371 0.301205
5 3 0.333894 0.349398
5 5 0.343146 0.349398
6 5 0.327166 0.289157
6 5 0.335576 0.349398
6
6 5 0.33053 0.289157
6 5 0.327166 0.361446
5 5 0.33894 0.349398
6 5 0.32296 0.26506
6 6 0.32296 0.349398
7
5 4 0.33894 0.289157
6 4 0.328007 0.361446
5 5 0.339781 0.349398
5 5 0.321278 0.26506
6 6 0.324643 0.325301
8
5 3 0.337258 0.301205
6 5 0.327166 0.349398
4 4 0.342304 0.349398
5 5 0.322119 0.26506
6 6 0.323802 0.325301
4
7 7 0.330081 0.364706
8 8 0.329268 0.388235
7 7 0.334146 0.364706
6 6 0.315447 0.411765
6 6 0.325203 0.317647
5
7 7 0.34065 0.388235
7 8 0.330894 0.411765
7 7 0.333333 0.364706
6 5 0.308943 0.364706
7 6 0.335772 0.423529
6
7 7 0.330894 0.388235
7 6 0.339837 0.4
7 7 0.338211 0.364706
6 5 0.318699 0.435294
6 5 0.329268 0.376471
7
7 7 0.339024 0.364706
6 6 0.330081 0.4
6 7 0.336585 0.411765
6 6 0.313008 0.364706
6 6 0.334959 0.411765
8
7 7 0.339024 0.364706
5 5 0.330894 0.376471
6 7 0.343902 0.388235
7 6 0.309756 0.411765
6 6 0.334959 0.458824
4
7 6 0.333333 0.344444
7 7 0.341463 0.377778
8 7 0.343902 0.377778
7 6 0.344715 0.366667
7 6 0.349593 0.355556
5
6 6 0.344715 0.322222
7 7 0.355285 0.377778
7 6 0.334959 0.366667
7 7 0.345528 0.355556
7 6 0.349593 0.377778
6
6 6 0.345528 0.333333
7 7 0.347154 0.377778
7 7 0.339837 0.355556
7 6 0.337398 0.366667
7 7 0.349593 0.377778
7
5 5 0.347967 0.377778
7 7 0.342276 0.355556
7 7 0.328455 0.366667
7 7 0.334146 0.355556
7 7 0.346341 0.355556
8
5 5 0.337398 0.366667
7 6 0.354472 0.355556
7 7 0.330081 0.366667
7 6 0.330081 0.355556
7 5 0.339837 0.344444
4
4 5 0.355285 0.2875
6 6 0.360976 0.2625
5 5 0.36748 0.275
6 5 0.349593 0.2625
5 5 0.347154 0.225
5
6 5 0.356098 0.325
