
NEWYEAR
4
6 6 0 0.319444
3 4 0 0.555556
5 7 0 0.375
6 7 0 0.416667
5 5 0 0.375
6 6 0 0.347222
5
6 6 0 0.319444
6 7 0 0.430556
7 7 0 0.416667
4 5 0 0.402778
6 6 0 0.347222
6
6 6 0 0.319444
7 7 0 0.430556
6 5 0 0.416667
6 7 0 0.458333
6 7 0 0.388889
7
6 6 0 0.305556
6 7 0 0.388889
6 7 0 0.416667
5 5 0 0.388889
6 7 0 0.375
8
6 6 0 0.291667
7 6 0 0.430556
6 6 0 0.402778
5 5 0 0.388889
6 6 0 0.361111
NEWYEAR
4
8 8 0 0.347222
7 7 0 0.402778
8 7 0 0.375
7 6 0 0.375
8 8 0 0.347222
5
8 8 0 0.388889
7 7 0 0.402778
8 7 0 0.375
7 6 0 0.402778
8 8 0 0.361111
6
8 8 0 0.291667
7 6 0 0.361111
8 7 0 0.375
8 8 0 0.375
8 8 0 0.402778
7
7 6 0 0.347222
7 7 0 0.375
7 6 0 0.347222
6 6 0 0.402778
8 8 0 0.333333
8
8 8 0 0.319444
6 5 0 0.375
8 7 0 0.375
7 7 0 0.361111
7 7 0 0.402778
NEWYEAR
4
7 7 0 0.348315
6 6 0 0.370787
4 4 0 0.41573
7 8 0 0.359551
6 6 0 0.404494
5
6 6 0 0.348315
6 6 0 0.359551
