
NEWYEAR
0
5 7 0.299411 0.472222
5 6 0.302775 0.416667
6 7 0.30614 0.402778
5 6 0.29857 0.375
5 5 0.301093 0.375
4 4 0.302775 0.375
4 6 0.29857 0.402778
3 4 0.29857 0.430556
5 7 0.301934 0.388889
4 3 0.297729 0.416667
1
5 7 0.299411 0.472222
5 6 0.302775 0.416667
6 7 0.30614 0.402778
5 6 0.29857 0.375
5 5 0.301093 0.375
4 4 0.302775 0.375
4 6 0.29857 0.402778
3 4 0.29857 0.430556
5 7 0.301934 0.388889
4 3 0.297729 0.416667
2
5 7 0.299411 0.472222
5 6 0.302775 0.416667
6 7 0.30614 0.402778
5 6 0.29857 0.375
5 5 0.301093 0.375
4 4 0.302775 0.375
4 6 0.29857 0.402778
3 4 0.29857 0.430556
5 7 0.301934 0.388889
4 3 0.297729 0.416667
3
5 7 0.299411 0.472222
5 6 0.302775 0.416667
6 7 0.30614 0.402778
5 6 0.29857 0.375
5 5 0.301093 0.375
4 4 0.302775 0.375
4 6 0.29857 0.402778
3 4 0.29857 0.430556
5 7 0.301934 0.388889
4 3 0.297729 0.416667
4
5 7 0.299411 0.472222
5 6 0.302775 0.416667
6 7 0.30614 0.402778
5 6 0.29857 0.375
5 5 0.301093 0.375
4 4 0.302775 0.375
4 6 0.29857 0.402778
3 4 0.29857 0.430556
5 7 0.301934 0.388889
4 3 0.297729 0.416667
NEWYEAR
0
7 7 0.31455 0.333333
7 7 0.317073 0.388889
8 7 0.306981 0.402778
8 8 0.306981 0.402778
7 7 0.302775 0.347222
8 8 0.308663 0.375
7 6 0.307822 0.430556
6 6 0.312868 0.361111
7 7 0.308663 0.361111
8 7 0.311186 0.361111
1
7 7 0.31455 0.333333
7 7 0.317073 0.388889
8 7 0.306981 0.402778
8 8 0.306981 0.402778
7 7 0.302775 0.347222
8 8 0.308663 0.375
7 6 0.307822 0.430556
6 6 0.312868 0.361111
7 7 0.308663 0.361111
8 7 0.311186 0.361111
2
7 7 0.31455 0.333333
7 7 0.317073 0.388889
8 7 0.306981 0.402778
8 8 0.306981 0.402778
7 7 0.302775 0.347222
8 8 0.308663 0.375
7 6 0.307822 0.430556
6 6 0.312868 0.361111
7 7 0.308663 0.361111
8 7 0.311186 0.361111
3
7 7 0.31455 0.333333
7 7 0.317073 0.388889
8 7 0.306981 0.402778
8 8 0.306981 0.402778
7 7 0.302775 0.347222
8 8 0.308663 0.375
7 6 0.307822 0.430556
6 6 0.312868 0.361111
7 7 0.308663 0.361111
8 7 0.311186 0.361111
4
7 7 0.31455 0.333333
7 7 0.317073 0.388889
8 7 0.306981 0.402778
8 8 0.306981 0.402778
7 7 0.302775 0.347222
8 8 0.308663 0.375
7 6 0.307822 0.430556
6 6 0.312868 0.361111
7 7 0.308663 0.361111
8 7 0.311186 0.361111
NEWYEAR
0
6 6 0.306981 0.348315
6 7 0.302775 0.359551
7 8 0.308663 0.348315
6 8 0.300252 0.359551
6 8 0.296047 0.393258
6 7 0.305299 0.382022
7 8 0.296047 0.359551
7 8 0.301093 0.303371
7 7 0.308663 0.382022
6 6 0.301093 0.370787
1
6 6 0.306981 0.348315
6 7 0.302775 0.359551
7 8 0.308663 0.348315
6 8 0.300252 0.359551
6 8 0.296047 0.393258
6 7 0.305299 0.382022
7 8 0.296047 0.359551
7 8 0.301093 0.303371
7 7 0.308663 0.382022
6 6 0.301093 0.370787
2
6 6 0.306981 0.348315
6 7 0.302775 0.359551
7 8 0.308663 0.348315
6 8 0.300252 0.359551
6 8 0.296047 0.393258
6 7 0.305299 0.382022
7 8 0.296047 0.359551
7 8 0.301093 0.303371
7 7 0.308663 0.382022
6 6 0.301093 0.370787
3
6 6 0.306981 0.348315
6 7 0.302775 0.359551
7 8 0.308663 0.348315
6 8 0.300252 0.359551
6 8 0.296047 0.393258
6 7 0.305299 0.382022
7 8 0.296047 0.359551
7 8 0.301093 0.303371
7 7 0.308663 0.382022
6 6 0.301093 0.370787
4
6 6 0.306981 0.348315
6 7 0.302775 0.359551
7 8 0.308663 0.348315
6 8 0.300252 0.359551
6 8 0.296047 0.393258
6 7 0.305299 0.382022
7 8 0.296047 0.359551
7 8 0.301093 0.303371
7 7 0.308663 0.382022
6 6 0.301093 0.370787
NEWYEAR
0
7 7 0.30614 0.240964
6 6 0.299411 0.26506
7 6 0.302775 0.228916
7 6 0.303616 0.240964
7 7 0.296047 0.228916
7 6 0.300252 0.277108
7 6 0.306981 0.204819
8 8 0.306981 0.277108
7 6 0.302775 0.26506
7 7 0.307822 0.277108
1
7 7 0.30614 0.240964
6 6 0.299411 0.26506
7 6 0.302775 0.228916
7 6 0.303616 0.240964
7 7 0.296047 0.228916
7 6 0.300252 0.277108
7 6 0.306981 0.204819
8 8 0.306981 0.277108
7 6 0.302775 0.26506
7 7 0.307822 0.277108
2
7 7 0.30614 0.240964
6 6 0.299411 0.26506
7 6 0.302775 0.228916
7 6 0.303616 0.240964
7 7 0.296047 0.228916
7 6 0.300252 0.277108
7 6 0.306981 0.204819
8 8 0.306981 0.277108
7 6 0.302775 0.26506
7 7 0.307822 0.277108
3
7 7 0.30614 0.240964
6 6 0.299411 0.26506
7 6 0.302775 0.228916
7 6 0.303616 0.240964
7 7 0.296047 0.228916
7 6 0.300252 0.277108
7 6 0.306981 0.204819
8 8 0.306981 0.277108
7 6 0.302775 0.26506
7 7 0.307822 0.277108
4
7 7 0.30614 0.240964
6 6 0.299411 0.26506
7 6 0.302775 0.228916
7 6 0.303616 0.240964
7 7 0.296047 0.228916
7 6 0.300252 0.277108
7 6 0.306981 0.204819
8 8 0.306981 0.277108
7 6 0.302775 0.26506
7 7 0.307822 0.277108
NEWYEAR
0
6 6 0.286179 0.329412
7 7 0.291057 0.341176
7 7 0.297561 0.329412
6 6 0.287805 0.329412
6 8 0.298374 0.329412
4 4 0.291057 0.341176
7 7 0.285366 0.329412
7 7 0.291057 0.317647
5 6 0.286179 0.329412
8 8 0.289431 0.352941
1
6 6 0.286179 0.329412
7 7 0.291057 0.341176
7 7 0.297561 0.329412
6 6 0.287805 0.329412
6 8 0.298374 0.329412
4 4 0.291057 0.341176
7 7 0.285366 0.329412
7 7 0.291057 0.317647
5 6 0.286179 0.329412
8 8 0.289431 0.352941
2
6 6 0.286179 0.329412
7 7 0.291057 0.341176
7 7 0.297561 0.329412
6 6 0.287805 0.329412
6 8 0.298374 0.329412
4 4 0.291057 0.341176
7 7 0.285366 0.329412
7 7 0.291057 0.317647
5 6 0.286179 0.329412
8 8 0.289431 0.352941
3
6 6 0.286179 0.329412
7 7 0.291057 0.341176
7 7 0.297561 0.329412
6 6 0.287805 0.329412
6 8 0.298374 0.329412
4 4 0.291057 0.341176
7 7 0.285366 0.329412
7 7 0.291057 0.317647
5 6 0.286179 0.329412
8 8 0.289431 0.352941
4
6 6 0.286179 0.329412
7 7 0.291057 0.341176
7 7 0.297561 0.329412
6 6 0.287805 0.329412
6 8 0.298374 0.329412
4 4 0.291057 0.341176
7 7 0.285366 0.329412
7 7 0.291057 0.317647
5 6 0.286179 0.329412
8 8 0.289431 0.352941
NEWYEAR
0
8 8 0.308943 0.4
8 8 0.302439 0.366667
8 8 0.300813 0.4
8 8 0.309756 0.366667
8 8 0.307317 0.388889
8 8 0.312195 0.366667
8 8 0.301626 0.4
7 7 0.301626 0.411111
8 8 0.304878 0.444444
8 8 0.304878 0.366667
1
8 8 0.308943 0.4
8 8 0.302439 0.366667
8 8 0.300813 0.4
8 8 0.309756 0.366667
8 8 0.307317 0.388889
8 8 0.312195 0.366667
8 8 0.301626 0.4
7 7 0.301626 0.411111
8 8 0.304878 0.444444
8 8 0.304878 0.366667
2
8 8 0.308943 0.4
8 8 0.302439 0.366667
8 8 0.300813 0.4
8 8 0.309756 0.366667
8 8 0.307317 0.388889
8 8 0.312195 0.366667
8 8 0.301626 0.4
7 7 0.301626 0.411111
8 8 0.304878 0.444444
8 8 0.304878 0.366667
3
8 8 0.308943 0.4
8 8 0.302439 0.366667
8 8 0.300813 0.4
8 8 0.309756 0.366667
8 8 0.307317 0.388889
8 8 0.312195 0.366667
8 8 0.301626 0.4
7 7 0.301626 0.411111
8 8 0.304878 0.444444
8 8 0.304878 0.366667
4
8 8 0.308943 0.4
8 8 0.302439 0.366667
8 8 0.300813 0.4
8 8 0.309756 0.366667
8 8 0.307317 0.388889
8 8 0.312195 0.366667
8 8 0.301626 0.4
7 7 0.301626 0.411111
8 8 0.304878 0.444444
8 8 0.304878 0.366667
NEWYEAR
0
5 5 0.315447 0.325
5 5 0.325203 0.3625
6 6 0.334146 0.2875
5 6 0.333333 0.2375
6 6 0.326829 0.325
5 5 0.326829 0.3125
5 5 0.331707 0.3375
5 5 0.334959 0.3
7 7 0.33252 0.325
7 7 0.326829 0.2875
1
5 5 0.315447 0.325
5 5 0.325203 0.3625
6 6 0.334146 0.2875
5 6 0.333333 0.2375
6 6 0.326829 0.325
5 5 0.326829 0.3125
5 5 0.331707 0.3375
